[1,1]; [1,2]; 10
[1,1]; [2,1]; 10
[1,2]; [1,1]; 10
[1,2]; [1,3]; 10
[1,2]; [2,2]; 10
[1,3]; [1,2]; 10
[1,3]; [1,4]; 10
[1,3]; [2,3]; 10
[1,4]; [1,3]; 10
[1,4]; [1,5]; 10
[1,5]; [1,4]; 10
[1,5]; [1,6]; 10
[1,6]; [1,5]; 10
[1,6]; [1,7]; 0
[1,7]; [1,6]; 10
[1,7]; [1,8]; 0
[1,7]; [2,7]; 10
[1,8]; [1,7]; 0
[1,8]; [1,9]; 10
[1,8]; [2,8]; 10
[1,9]; [1,8]; 0
[1,9]; [2,9]; 10
[2,0]; [2,1]; 10
[2,1]; [2,0]; 10
[2,1]; [2,2]; 10
[2,1]; [1,1]; 10
[2,2]; [2,1]; 10
[2,2]; [2,3]; 10
[2,2]; [1,2]; 10
[2,2]; [3,2]; 10
[2,3]; [2,2]; 10
[2,3]; [1,3]; 10
[2,3]; [3,3]; 10
[2,7]; [2,8]; 10
[2,7]; [1,7]; 0
[2,7]; [3,7]; 10
[2,8]; [2,7]; 10
[2,8]; [2,9]; 10
[2,8]; [1,8]; 0
[2,8]; [3,8]; 10
[2,9]; [2,8]; 10
[2,9]; [2,10]; 10
[2,9]; [1,9]; 10
[2,9]; [3,9]; 10
[2,10]; [2,9]; 10
[3,2]; [3,3]; 10
[3,2]; [2,2]; 10
[3,3]; [3,2]; 10
[3,3]; [3,4]; 10
[3,3]; [2,3]; 10
[3,4]; [3,3]; 10
[3,4]; [3,5]; 10
[3,5]; [3,4]; 10
[3,5]; [3,6]; 10
[3,6]; [3,5]; 10
[3,6]; [3,7]; 10
[3,7]; [3,6]; 10
[3,7]; [3,8]; 10
[3,7]; [2,7]; 10
[3,8]; [3,7]; 10
[3,8]; [3,9]; 10
[3,8]; [2,8]; 10
[3,9]; [3,8]; 10
[3,9]; [2,9]; 10